 0.0000000E+00  1.0000000E-01  2.1000000E-01  3.3100000E-01  4.6410000E-01
 6.1051000E-01  7.7156100E-01  9.4871710E-01  1.1435888E+00  1.3579477E+00
 1.5937425E+00  1.8531167E+00  2.1384284E+00  2.4522712E+00  2.7974983E+00
 3.1772482E+00  3.5949730E+00  4.0544703E+00  4.5599173E+00  5.1159090E+00
 5.7274999E+00  6.4002499E+00  7.1402749E+00  7.9543024E+00  8.8497327E+00
 9.8347059E+00  1.0834706E+01  1.1834706E+01  1.2834706E+01  1.3834706E+01
 1.4834706E+01  1.5834706E+01  1.6834706E+01  1.7834706E+01  1.8834706E+01
 1.9834706E+01  2.0834706E+01  2.1834706E+01  2.2834706E+01  2.3834706E+01
 2.4834706E+01  2.5834706E+01  2.6834706E+01  2.7834706E+01  2.8834706E+01
 2.9834706E+01  3.0834706E+01  3.1834706E+01  3.2834706E+01  3.3834706E+01
 3.4834706E+01  3.5834706E+01  3.6834706E+01  3.7834706E+01  3.8834706E+01
 3.9834706E+01  4.0834706E+01  4.1834706E+01  4.2834706E+01  4.3834706E+01
 4.4834706E+01  4.5834706E+01  4.6834706E+01  4.7834706E+01  4.8834706E+01
 4.9834706E+01  5.0834706E+01  5.1834706E+01  5.2834706E+01  5.3834706E+01
 5.4834706E+01  5.5834706E+01  5.6834706E+01  5.7834706E+01  5.8834706E+01
 5.9834706E+01  6.0834706E+01  6.1834706E+01  6.2834706E+01  6.3834706E+01
 6.4834706E+01  6.5834706E+01  6.6834706E+01  6.7834706E+01  6.8834706E+01
 6.9834706E+01  7.0834706E+01  7.1834706E+01  7.2834706E+01  7.3834706E+01
 7.4834706E+01  7.5834706E+01  7.6834706E+01  7.7834706E+01  7.8834706E+01
 7.9834706E+01  8.0834706E+01  8.1834706E+01  8.2834706E+01  8.3834706E+01
 8.4834706E+01  8.5834706E+01  8.6834706E+01  8.7834706E+01  8.8834706E+01
 8.9834706E+01  9.0834706E+01  9.1834706E+01  9.2834706E+01  9.3834706E+01
 9.4834706E+01  9.5834706E+01  9.6834706E+01  9.7834706E+01  9.8834706E+01
 9.9834706E+01  1.0083471E+02  1.0183471E+02  1.0283471E+02  1.0383471E+02
 1.0483471E+02  1.0583471E+02  1.0683471E+02  1.0783471E+02  1.0883471E+02
 1.0983471E+02  1.1083471E+02  1.1183471E+02  1.1283471E+02  1.1383471E+02
 1.1483471E+02  1.1583471E+02  1.1683471E+02  1.1753471E+02  
 0.0000000E+00  5.0000000E-02  1.0500000E-01  1.6550000E-01  2.3205000E-01
 3.0525500E-01  3.8578050E-01  4.7435855E-01  5.7179441E-01  6.7897385E-01
 7.9687123E-01  9.2655835E-01  1.0692142E+00  1.2261356E+00  1.3987492E+00
 1.5886241E+00  1.7974865E+00  2.0272351E+00  2.2799587E+00  2.5579545E+00
 2.8637500E+00  3.2001250E+00  3.5701375E+00  3.9771512E+00  4.4248663E+00
 4.9173530E+00  5.4173530E+00  5.9173530E+00  6.4173530E+00  6.9173530E+00
 7.4173530E+00  7.9173530E+00  8.4173530E+00  8.9173530E+00  9.4173530E+00
 9.9173530E+00  1.0417353E+01  1.0917353E+01  1.1417353E+01  1.1917353E+01
 1.2417353E+01  1.2917353E+01  1.3417353E+01  1.3917353E+01  1.4417353E+01
 1.4917353E+01  1.5417353E+01  1.5917353E+01  1.6417353E+01  1.6917353E+01
 1.7417353E+01  1.7917353E+01  1.8417353E+01  1.8917353E+01  1.9417353E+01
 1.9917353E+01  2.0417353E+01  2.0917353E+01  2.1417353E+01  2.1917353E+01
 2.2417353E+01  2.2917353E+01  2.3417353E+01  2.3917353E+01  2.4417353E+01
 2.4917353E+01  2.5417353E+01  2.5917353E+01  2.6417353E+01  2.6917353E+01
 2.7417353E+01  2.7917353E+01  2.8417353E+01  2.8917353E+01  2.9417353E+01
 2.9917353E+01  3.0417353E+01  3.0917353E+01  3.1417353E+01  3.1917353E+01
 3.2417353E+01  3.2917353E+01  3.3417353E+01  3.3917353E+01  3.4417353E+01
 3.4917353E+01  3.5417353E+01  3.5917353E+01  3.6417353E+01  3.6917353E+01
 3.7417353E+01  3.7917353E+01  3.8417353E+01  3.8917353E+01  3.9417353E+01
 3.9917353E+01  4.0417353E+01  4.0917353E+01  4.1417353E+01  4.1917353E+01
 4.2417353E+01  4.2917353E+01  4.3417353E+01  4.3917353E+01  4.4417353E+01
 4.4917353E+01  4.5417353E+01  4.5917353E+01  4.6417353E+01  4.6917353E+01
 4.7417353E+01  4.7917353E+01  4.8417353E+01  4.8917353E+01  4.9417353E+01
 4.9917353E+01  5.0417353E+01  5.0917353E+01  5.1417353E+01  5.1917353E+01
 5.2417353E+01  5.2917353E+01  5.3417353E+01  5.3917353E+01  5.4417353E+01
 5.4917353E+01  5.5417353E+01  5.5917353E+01  5.6417353E+01  5.6917353E+01
 5.7417353E+01  5.7917353E+01  5.8417353E+01  5.8917353E+01  5.9417353E+01
 5.9917353E+01  6.0417353E+01  6.0917353E+01  6.1417353E+01  6.1917353E+01
 6.2417353E+01  6.2917353E+01  6.3417353E+01  6.3917353E+01  6.4417353E+01
 6.4917353E+01  6.5417353E+01  6.5917353E+01  6.6417353E+01  6.6917353E+01
 6.7417353E+01  6.7917353E+01  6.8417353E+01  6.8917353E+01  6.9417353E+01
 6.9917353E+01  7.0417353E+01  7.0917353E+01  7.1417353E+01  7.1917353E+01
 7.2417353E+01  7.2917353E+01  7.3417353E+01  7.3917353E+01  7.4417353E+01
 7.4917353E+01  7.5417353E+01  7.5917353E+01  7.6417353E+01  7.6917353E+01
 7.7417353E+01  7.7917353E+01  7.8417353E+01  7.8500000E+01
